% LIQUIDITY FACTORS OF PASTOR AND STAMBAUGH (JPE 2003) UPDATED THROUGH DEC 2018
% Column 1: Month
% Column 2: Levels of aggregated liquidity (Figure 1 in the paper)
% Column 3: Innovations in aggregated liquidity (non-traded liquidity factor; equation(8); the main series)
% Column 4: Traded liquidity factor (LIQ_V, 10-1 portfolio return)
% Note: The traded factor is the value-weighted return on the 10-1 portfolio from a sort on historical
% liquidity betas. This procedure is simpler than sorting on predicted betas (as in the original study)
% and through 2018 it is similarly successful at creating a spread in post-ranking betas. The traded
% factor has a positive and significant alpha through 2018, consistent with liquidity risk being priced.
%
% Month	Agg Liq.	Innov Liq (eq8)	Traded Liq (LIQ_V)
196208	 -0.01753665	  0.00437073	-99
196209	 -0.00407476	  0.01176629	-99
196210	 -0.10420795	 -0.07461138	-99
196211	 -0.01974170	  0.02890273	-99
196212	 -0.00508915	  0.01522786	-99
196301	 -0.05579702	  0.00962145	-99
196302	  0.01440418	  0.02678079	-99
196303	 -0.02337483	 -0.02037036	-99
196304	  0.05413276	  0.07711234	-99
196305	  0.00354149	 -0.01320758	-99
196306	  0.00959261	 -0.00249141	-99
196307	  0.01432661	  0.01948498	-99
196308	  0.03377124	  0.03774804	-99
196309	 -0.00753905	  0.01889422	-99
196310	  0.02680866	  0.03181710	-99
196311	 -0.05313639	 -0.06083716	-99
196312	 -0.02057325	  0.01228458	-99
196401	 -0.07136749	 -0.05412265	-99
196402	 -0.02474942	  0.01290093	-99
196403	  0.03138957	  0.04305073	-99
196404	 -0.04066846	 -0.02837913	-99
196405	 -0.02572535	 -0.00719906	-99
196406	 -0.05656623	 -0.01019416	-99
196407	  0.05818911	  0.05691586	-99
196408	 -0.04851480	 -0.04498232	-99
196409	 -0.00816254	  0.01129021	-99
196410	  0.01293442	  0.03881582	-99
196411	  0.01488670	 -0.00469353	-99
196412	 -0.02673177	 -0.01522574	-99
196501	  0.03792482	  0.06970117	-99
196502	 -0.01642748	  0.02182100	-99
196503	  0.03396719	  0.01665514	-99
196504	  0.02236126	  0.03952620	-99
196505	 -0.01294330	  0.03285850	-99
196506	 -0.16341145	 -0.11294224	-99
196507	 -0.08097770	 -0.04831293	-99
196508	 -0.03474858	  0.07450709	-99
196509	  0.02700287	  0.06421977	-99
196510	  0.00619804	 -0.02556168	-99
196511	  0.04447103	  0.06442538	-99
196512	  0.04088096	  0.02345904	-99
196601	  0.03997340	  0.01982989	-99
196602	  0.03502075	  0.04366608	-99
196603	 -0.06624636	 -0.06662325	-99
196604	  0.02544977	  0.05370740	-99
196605	 -0.12120820	 -0.07781950	-99
196606	 -0.05336691	 -0.01259453	-99
196607	 -0.03300129	  0.00945459	-99
196608	 -0.10666605	 -0.08582258	-99
196609	 -0.08782642	 -0.04485060	-99
196610	 -0.20654296	 -0.08269683	-99
196611	 -0.05410494	  0.05222685	-99
196612	 -0.02167904	  0.04876546	-99
196701	 -0.02740856	  0.01300030	-99
196702	 -0.07258088	  0.01467804	-99
196703	 -0.00862977	  0.03654786	-99
196704	 -0.00152694	  0.01991230	-99
196705	  0.01392230	  0.02351592	-99
196706	 -0.06198561	 -0.04938335	-99
196707	 -0.02837613	  0.01343173	-99
196708	  0.02907310	  0.07069004	-99
196709	  0.02354391	  0.03010430	-99
196710	 -0.03054070	 -0.04322937	-99
196711	 -0.03066729	 -0.01282847	-99
196712	  0.00159135	  0.03395857	-99
196801	 -0.02152297	  0.00235150	 -0.02086175	
196802	 -0.03459975	 -0.01953609	  0.02197712	
196803	 -0.11694515	 -0.08239130	  0.01057792	
196804	  0.02245346	  0.08849433	  0.00915347	
196805	 -0.02061359	  0.01171882	 -0.01774824	
196806	  0.00822582	  0.03175408	  0.00042735	
196807	 -0.01049674	  0.00807690	 -0.03620883	
196808	 -0.02020095	 -0.00921666	  0.00601579	
196809	 -0.00870761	  0.01398861	  0.00953921	
196810	  0.00660594	  0.02624847	 -0.00088817	
196811	 -0.00022599	  0.01518472	 -0.00881651	
196812	 -0.02857531	 -0.01136988	  0.01184482	
196901	 -0.03378860	 -0.00793428	  0.02444780	
196902	 -0.02503088	  0.01129140	  0.05900419	
196903	 -0.02256787	  0.00698807	 -0.01704519	
196904	 -0.01274432	  0.00909247	  0.01892827	
196905	  0.01158513	  0.04577345	  0.01366945	
196906	 -0.04735727	 -0.03908243	  0.05930900	
196907	 -0.12262313	 -0.09245876	  0.03570685	
196908	 -0.08789173	 -0.04488181	 -0.00522826	
196909	  0.01326168	  0.09166161	  0.01875260	
196910	 -0.06038184	 -0.02425823	 -0.05876586	
196911	  0.01656803	  0.03980389	  0.03169131	
196912	 -0.01985159	 -0.02495516	  0.03674571	
197001	 -0.11018592	 -0.06907603	  0.02356810	
197002	 -0.08139735	 -0.00933326	 -0.05868693	
197003	 -0.13845329	 -0.06209816	  0.00237280	
197004	 -0.09427202	 -0.02785801	  0.04070456	
197005	 -0.24058595	 -0.19465454	 -0.07564881	
197006	 -0.18762468	 -0.13640706	 -0.03427691	
197007	 -0.01379429	  0.06761539	 -0.00023298	
197008	 -0.06668903	  0.00988219	  0.00002363	
197009	 -0.06687487	 -0.01379101	 -0.01722116	
197010	  0.09627185	  0.09759692	 -0.01507792	
197011	 -0.05985656	 -0.04699039	 -0.00518356	
197012	 -0.07305852	 -0.01722488	  0.05062283	
197101	  0.01775796	  0.04455355	 -0.05148672	
197102	 -0.06448800	 -0.03726163	 -0.02100080	
197103	  0.03170210	  0.06175815	  0.01722159	
197104	 -0.00998388	  0.00697976	  0.02730959	
197105	 -0.01940867	 -0.02766734	  0.00571536	
197106	 -0.04414571	 -0.01322060	 -0.03743005	
197107	 -0.10142136	 -0.03288853	 -0.00041068	
197108	 -0.04506878	 -0.00613962	  0.02398105	
197109	  0.01981000	  0.06166974	  0.00553154	
197110	 -0.05637408	 -0.01263762	  0.03750459	
197111	 -0.09198778	 -0.03783988	  0.00751077	
197112	  0.00850079	  0.04825627	  0.00199699	
197201	 -0.09412363	 -0.08105847	 -0.03374327	
197202	 -0.03059879	  0.01623686	  0.00993984	
197203	 -0.01137304	  0.02594442	  0.03309115	
197204	 -0.00295654	  0.01784964	  0.01508518	
197205	 -0.06445365	 -0.04364822	 -0.00148126	
197206	  0.00610801	  0.00296914	  0.01372639	
197207	 -0.08959345	 -0.06749281	  0.01622972	
197208	  0.01435214	  0.02170770	 -0.03104982	
197209	 -0.01895372	  0.02630907	 -0.01488973	
197210	 -0.03986232	 -0.02387699	 -0.01545361	
197211	 -0.01686769	 -0.03271622	 -0.00776205	
197212	 -0.07355568	 -0.03646268	  0.00882111	
197301	 -0.05636308	 -0.02723400	 -0.01481098	
197302	 -0.04829286	  0.02709231	 -0.01086541	
197303	 -0.03071518	 -0.01310253	 -0.01271889	
197304	 -0.04066723	 -0.01087083	  0.02308621	
197305	 -0.11566841	 -0.06479490	 -0.00263267	
197306	 -0.19991624	 -0.16380525	 -0.03231649	
197307	 -0.09645608	 -0.00819948	  0.00245030	
197308	 -0.09587619	 -0.02345798	  0.01594605	
197309	 -0.12252505	 -0.00209738	  0.01702629	
197310	 -0.05342640	  0.02592614	 -0.04308556	
197311	 -0.30129471	 -0.23763195	 -0.02650170	
197312	 -0.13417844	 -0.08140291	 -0.01684214	
197401	 -0.16222605	 -0.06554971	  0.10501732	
197402	 -0.12002965	 -0.05323137	  0.03898203	
197403	 -0.00128674	  0.11567577	  0.04593273	
197404	 -0.04192205	  0.00311157	  0.02365498	
197405	 -0.10176169	 -0.08457771	  0.06008724	
197406	 -0.06937052	 -0.06487045	 -0.01077655	
197407	 -0.23115520	 -0.13602613	 -0.00473158	
197408	 -0.10185960	 -0.06146603	 -0.02869620	
197409	 -0.11031084	 -0.06494556	  0.02436165	
197410	 -0.08565812	  0.00697178	 -0.07885913	
197411	 -0.08357406	  0.03527229	 -0.01939789	
197412	 -0.10467737	 -0.04090791	  0.02044962	
197501	 -0.11363574	 -0.07587473	  0.10883999	
197502	 -0.07571976	  0.01869198	  0.03674259	
197503	 -0.13072553	  0.00709007	  0.05999037	
197504	  0.00011554	  0.03649758	  0.00210471	
197505	 -0.06664547	 -0.01156826	 -0.03234878	
197506	  0.02342978	  0.02405567	 -0.01805181	
197507	 -0.05962827	 -0.02792367	 -0.00983661	
197508	 -0.12755813	 -0.12196463	 -0.00842826	
197509	 -0.08967738	 -0.05287198	 -0.01923828	
197510	 -0.06497047	  0.02609956	  0.09125723	
197511	  0.00741821	  0.02874450	  0.03609542	
197512	 -0.02442703	 -0.02116723	 -0.00323456	
197601	 -0.06026915	 -0.03537410	  0.01755052	
197602	 -0.01850114	  0.05096586	 -0.04261414	
197603	 -0.01869402	  0.00894774	 -0.01655556	
197604	 -0.02836402	 -0.04856843	 -0.01947486	
197605	 -0.09014351	 -0.08793005	 -0.04169475	
197606	 -0.06495307	 -0.02370415	 -0.00622104	
197607	 -0.09136411	 -0.05330470	 -0.02753544	
197608	 -0.01516016	  0.03182349	  0.01783943	
197609	 -0.03775431	  0.01795549	 -0.01533322	
197610	 -0.08540867	 -0.04460887	  0.00439052	
197611	 -0.08199307	 -0.02130102	 -0.02341377	
197612	 -0.02603544	  0.05605432	 -0.01257718	
197701	 -0.06249116	 -0.04447555	 -0.03111569	
197702	 -0.00039971	  0.03557916	 -0.01063134	
197703	 -0.05633518	  0.03202724	  0.01106640	
197704	 -0.01072185	 -0.00946936	 -0.02957247	
197705	 -0.03332456	 -0.01464286	  0.01764153	
197706	 -0.00864341	  0.01630346	  0.02062001	
197707	 -0.04816932	 -0.01402751	  0.00105081	
197708	 -0.04412220	  0.00490519	  0.03122732	
197709	 -0.04748178	 -0.02157792	  0.01184949	
197710	 -0.03260695	 -0.00203186	 -0.01135630	
197711	 -0.01279571	  0.02830560	  0.00411296	
197712	  0.02084873	  0.03515139	 -0.00533581	
197801	 -0.04222258	 -0.00693340	  0.00576362	
197802	 -0.01929822	  0.01261664	 -0.00164297	
197803	 -0.01049430	  0.00313112	  0.01568233	
197804	 -0.00780383	  0.01843189	  0.03447846	
197805	  0.01785201	  0.02123430	  0.01246015	
197806	  0.01073519	  0.01274402	  0.00816507	
197807	 -0.04349239	 -0.03675109	  0.02739885	
197808	  0.02096417	  0.03626510	 -0.00124714	
197809	 -0.00570674	 -0.01202347	 -0.02601002	
197810	 -0.10828928	 -0.10301053	  0.04434662	
197811	 -0.07491575	 -0.03143683	 -0.03524500	
197812	 -0.03422058	  0.03737433	  0.00439879	
197901	 -0.01441439	  0.02532621	 -0.00997206	
197902	 -0.03296427	  0.00726209	 -0.02951648	
197903	 -0.04381288	  0.02149517	 -0.00618526	
197904	  0.00478602	  0.05562609	  0.01756117	
197905	 -0.08102735	 -0.04642882	 -0.02161642	
197906	 -0.01188102	  0.02328358	 -0.01745838	
197907	  0.02263928	  0.06153247	 -0.01690610	
197908	  0.01305124	  0.03585190	  0.01554346	
197909	 -0.07426784	 -0.06421427	 -0.01165099	
197910	 -0.15447257	 -0.10410013	 -0.00122565	
197911	 -0.03883258	  0.00909965	 -0.06874130	
197912	 -0.00920058	  0.02627757	 -0.01634542	
198001	 -0.05958447	 -0.01966150	 -0.00161681	
198002	 -0.09784091	 -0.04249171	  0.01708748	
198003	 -0.14193797	 -0.08568667	  0.03142911	
198004	 -0.05117316	 -0.02858039	 -0.01033023	
198005	  0.03284126	  0.07966083	 -0.00680581	
198006	 -0.01566887	  0.00243598	  0.01087005	
198007	 -0.03519602	 -0.01760903	 -0.00821639	
198008	  0.00723605	  0.05264739	  0.01071242	
198009	 -0.04758752	 -0.01719506	  0.01339611	
198010	 -0.01239088	  0.03493401	  0.02768808	
198011	 -0.02423500	  0.00347847	  0.02705181	
198012	 -0.05640115	 -0.01361886	  0.02811805	
198101	 -0.02295765	  0.00422293	  0.04148102	
198102	 -0.00759087	  0.00089876	  0.00054072	
198103	 -0.02136751	  0.01305558	  0.01612267	
198104	 -0.02811204	  0.01014229	 -0.01296720	
198105	  0.00737643	  0.02885112	 -0.02343009	
198106	  0.00168512	  0.03039681	  0.05798683	
198107	 -0.01763558	  0.01050965	 -0.01824140	
198108	 -0.07656454	 -0.04380308	 -0.00484925	
198109	 -0.15284117	 -0.12009962	  0.09371130	
198110	 -0.04560690	 -0.00081910	 -0.02423971	
198111	 -0.03155473	 -0.01170756	  0.06222590	
198112	 -0.02361177	  0.02649161	  0.00075210	
198201	 -0.06997491	 -0.05818969	 -0.01964284	
198202	 -0.12230408	 -0.08172736	 -0.01159953	
198203	 -0.03095186	  0.01052084	  0.04327787	
198204	  0.00482058	  0.04486814	 -0.02415880	
198205	 -0.00251925	 -0.00813621	  0.02915877	
198206	 -0.01228039	  0.01938785	  0.05041966	
198207	  0.01259251	  0.01741678	 -0.01555954	
198208	 -0.05756437	 -0.03730970	 -0.00611499	
198209	 -0.02624405	  0.02428869	  0.04211865	
198210	 -0.04193569	 -0.00559223	 -0.03800456	
198211	 -0.00449671	  0.02811753	  0.01122198	
198212	  0.00074071	  0.02953899	 -0.03207740	
198301	 -0.02969839	  0.00135781	 -0.05277135	
198302	  0.00850323	  0.03915380	 -0.03107800	
198303	 -0.04780716	 -0.02680221	  0.04254543	
198304	 -0.00442833	  0.02515943	  0.03709566	
198305	 -0.07841554	 -0.04616970	  0.01855947	
198306	 -0.00060507	  0.05084482	 -0.00047818	
198307	 -0.04744861	 -0.02469458	  0.04571807	
198308	 -0.04144340	 -0.01032472	  0.04429352	
198309	 -0.02298211	  0.02671064	  0.01047678	
198310	  0.03345201	  0.05978468	  0.05752878	
198311	  0.01417944	  0.05049535	 -0.06988177	
198312	 -0.03348914	  0.01442526	  0.05027516	
198401	 -0.02523864	 -0.00548089	  0.06903736	
198402	 -0.04212508	 -0.02749666	  0.00835075	
198403	 -0.00978903	  0.03030662	  0.00478763	
198404	 -0.08441743	 -0.04726842	  0.00455259	
198405	  0.00697124	  0.04613376	  0.02467480	
198406	 -0.01612776	  0.02508994	 -0.00257441	
198407	 -0.02666257	  0.01130033	  0.01756663	
198408	  0.00195559	  0.03306818	 -0.03151730	
198409	 -0.01877108	  0.01102610	  0.02811503	
198410	 -0.02984971	 -0.01140094	 -0.00409424	
198411	 -0.00247202	  0.00600419	  0.01835124	
198412	 -0.03583779	 -0.00323002	 -0.00476351	
198501	 -0.00842383	  0.01674787	 -0.01579757	
198502	 -0.01047934	  0.00599177	  0.02530899	
198503	  0.00590567	  0.00341880	  0.04009729	
198504	  0.00999762	  0.02951152	  0.03807552	
198505	  0.00002201	  0.02249888	 -0.00771766	
198506	 -0.00496763	 -0.00257410	  0.00734947	
198507	 -0.02195187	  0.02292248	 -0.01775831	
198508	  0.02646643	  0.03303748	  0.02683816	
198509	 -0.01922848	 -0.00916418	  0.01090789	
198510	 -0.01873488	 -0.01504571	  0.05136325	
198511	 -0.00198920	  0.02681752	  0.00670833	
198512	 -0.01582624	  0.02381150	 -0.02023055	
198601	 -0.06552925	 -0.03598312	  0.01704474	
198602	 -0.00921279	  0.02021292	  0.00338627	
198603	  0.00795219	  0.04452286	  0.04084841	
198604	  0.02940447	  0.02386154	 -0.00389583	
198605	  0.00523409	  0.01895485	  0.02525219	
198606	 -0.07055883	 -0.06586793	  0.05913729	
198607	 -0.00224316	  0.01834881	 -0.01276573	
198608	 -0.02727706	  0.01283591	 -0.02794443	
198609	 -0.00465437	 -0.02441098	  0.04441126	
198610	  0.03935061	  0.06212867	  0.01627154	
198611	  0.01649946	  0.02184694	 -0.03110960	
198612	  0.01102618	  0.03185254	 -0.01300667	
198701	 -0.02906564	 -0.00965686	 -0.07254483	
198702	  0.00544025	  0.02523716	 -0.04311487	
198703	 -0.02364455	  0.01677579	 -0.00962586	
198704	 -0.12649836	 -0.10926264	 -0.03703834	
198705	  0.00526550	  0.03107432	  0.01000141	
198706	  0.00747036	  0.05762152	  0.02376116	
198707	  0.01872214	 -0.02557078	  0.01122784	
198708	 -0.00015518	  0.01131918	 -0.04674810	
198709	 -0.04195289	 -0.05542179	  0.00554181	
198710	 -0.46143022	 -0.39273667	  0.03521686	
198711	 -0.02511653	 -0.07022888	 -0.00934002	
198712	 -0.10545586	 -0.02560024	  0.00498139	
198801	 -0.11095032	 -0.07563463	  0.04406140	
198802	 -0.03342877	  0.06309298	  0.00344080	
198803	 -0.03042057	  0.02780046	 -0.01999314	
198804	  0.00875387	  0.02916376	 -0.02540313	
198805	 -0.06857078	 -0.00149834	 -0.00536734	
198806	  0.00674872	  0.01964722	 -0.00977774	
198807	  0.01685931	  0.03249044	 -0.00864595	
198808	 -0.02477803	  0.02657292	  0.03562626	
198809	 -0.02332725	  0.00128596	  0.01499962	
198810	 -0.04266262	  0.00323780	  0.02371050	
198811	 -0.06690996	 -0.00896013	 -0.00078422	
198812	 -0.02435421	  0.00279232	 -0.04435023	
198901	  0.01821545	  0.07467951	 -0.00094358	
198902	 -0.00257917	  0.01300884	 -0.00412739	
198903	  0.00023630	  0.00635758	 -0.00892180	
198904	 -0.02155465	 -0.00360743	 -0.01875403	
198905	  0.04316963	  0.04793396	 -0.03822984	
198906	 -0.00159906	  0.00058738	  0.07276301	
198907	  0.01780266	  0.02433156	  0.03107300	
198908	 -0.08469954	 -0.05378550	  0.00649708	
198909	  0.02803304	  0.01588240	 -0.04734958	
198910	 -0.15740087	 -0.11305736	  0.02685953	
198911	 -0.00958120	  0.01645334	 -0.02491656	
198912	 -0.02159079	  0.00923939	  0.02021892	
199001	 -0.02319098	 -0.00541738	 -0.03386486	
199002	 -0.00455879	  0.02585190	 -0.03075950	
199003	 -0.02216372	  0.03512902	 -0.02668436	
199004	  0.01049139	  0.00997038	  0.05799032	
199005	  0.01134870	  0.00948758	 -0.00683647	
199006	  0.00240171	 -0.00344863	  0.02593783	
199007	 -0.02548410	 -0.01570650	  0.05084728	
199008	  0.02497992	  0.00294979	  0.04563556	
199009	 -0.01568347	  0.05698146	  0.02012254	
199010	  0.05201193	  0.04925329	 -0.01222815	
199011	  0.02180158	  0.00707619	 -0.01260131	
199012	 -0.05574343	 -0.03071142	 -0.03262724	
199101	  0.03896199	  0.02252077	 -0.09368777	
199102	 -0.02117577	 -0.03823120	 -0.02036569	
199103	 -0.02611880	 -0.02605769	 -0.00504698	
199104	  0.00646514	  0.04385570	  0.01733852	
199105	 -0.00605746	  0.00035756	 -0.00883988	
199106	  0.04171325	  0.04910042	  0.02890272	
199107	 -0.00134881	  0.00293806	  0.01752819	
199108	 -0.01697014	 -0.02157038	 -0.01800622	
199109	 -0.01443778	  0.01602731	  0.01091772	
199110	 -0.02167411	  0.02028640	  0.02057336	
199111	  0.02613736	 -0.00265360	  0.04381260	
199112	 -0.05323512	 -0.07396852	 -0.05182236	
199201	 -0.06143215	 -0.03846451	 -0.06950411	
199202	 -0.03925570	  0.01047928	 -0.05088761	
199203	 -0.03850107	  0.01772532	 -0.00363603	
199204	  0.03362592	  0.04603279	 -0.00434155	
199205	  0.00129319	  0.05039919	  0.00252168	
199206	  0.06758996	  0.00819410	  0.02317403	
199207	 -0.03713605	 -0.05271790	  0.02357120	
199208	 -0.00577717	  0.00337166	  0.05003105	
199209	  0.01257838	  0.03288850	 -0.02288804	
199210	 -0.05945285	 -0.05512802	 -0.02121410	
199211	  0.00066856	  0.03159962	 -0.05875097	
199212	  0.00965986	  0.02403023	 -0.02856879	
199301	  0.00478333	  0.03451556	 -0.00214896	
199302	 -0.02510693	 -0.00228349	  0.06782499	
199303	 -0.03732509	 -0.01015413	 -0.04096191	
199304	  0.00301181	  0.03161186	 -0.01757492	
199305	 -0.01454372	  0.01398680	  0.04327865	
199306	 -0.01843859	  0.00993339	 -0.03221574	
199307	 -0.02059745	  0.00601141	 -0.01314660	
199308	  0.04139443	  0.02369894	  0.01569838	
199309	  0.02479967	  0.03621043	 -0.07627760	
199310	  0.00074332	  0.01325274	  0.04791693	
199311	  0.00754075	  0.02087576	  0.05129774	
199312	  0.04937983	  0.03055639	  0.01259124	
199401	  0.03872394	  0.06817379	 -0.00361544	
199402	 -0.05102415	 -0.03970950	  0.00979925	
199403	 -0.01682614	 -0.01042840	  0.02695421	
199404	 -0.07566088	 -0.05200581	  0.00612393	
199405	 -0.03897327	 -0.00165832	  0.03175964	
199406	 -0.07875602	 -0.03445708	  0.00005457	
199407	  0.01171714	  0.06270372	 -0.01059753	
199408	 -0.01747568	  0.03590139	  0.00507026	
199409	  0.02057101	  0.01571095	  0.03112048	
199410	  0.02947205	  0.03152924	  0.01237485	
199411	 -0.01553017	 -0.04715197	 -0.01963511	
199412	 -0.03327381	 -0.01374698	  0.01729069	
199501	  0.02207987	  0.06167591	 -0.03279159	
199502	  0.02342939	  0.02427074	 -0.00700056	
199503	  0.00997871	 -0.01350279	  0.01697178	
199504	  0.03154873	  0.04951060	  0.01060802	
199505	 -0.00229179	  0.00320920	 -0.00611823	
199506	 -0.02610713	 -0.03395397	  0.00737955	
199507	 -0.00699820	  0.01153404	  0.04921159	
199508	 -0.00312187	  0.01867022	 -0.01005996	
199509	 -0.02976615	 -0.02640812	 -0.07500886	
199510	 -0.00930418	  0.00457724	  0.03448483	
199511	  0.03076915	  0.05748928	 -0.01948926	
199512	 -0.06593775	 -0.03051268	 -0.03359063	
199601	 -0.01592480	 -0.00904002	  0.06761418	
199602	  0.02422450	  0.07469918	  0.04212606	
199603	 -0.05219408	 -0.04533798	 -0.04660315	
199604	 -0.02548453	  0.01685654	 -0.04313148	
199605	  0.01177107	  0.02386749	 -0.02531155	
199606	 -0.00953222	 -0.01018477	 -0.05483254	
199607	 -0.03310392	 -0.01081812	  0.00345686	
199608	  0.06344509	  0.08968513	  0.00626772	
199609	 -0.00118043	 -0.01821710	 -0.01824066	
199610	 -0.01307404	 -0.03797991	 -0.00559955	
199611	 -0.00753794	 -0.01308437	  0.07297212	
199612	  0.01327599	  0.02424060	 -0.03187147	
199701	 -0.01694960	  0.05057885	 -0.03369150	
199702	  0.00269968	 -0.01494740	 -0.03754297	
199703	 -0.00768426	  0.01529858	  0.02196722	
199704	  0.01696851	  0.01770826	  0.06018774	
199705	  0.02749439	  0.04223001	  0.01435957	
199706	 -0.01007142	 -0.00733975	  0.01102043	
199707	 -0.00798009	  0.00060658	  0.02660677	
199708	 -0.05689298	 -0.01161173	 -0.00921730	
199709	 -0.02838423	  0.03297643	 -0.01455866	
199710	 -0.17153537	 -0.11003766	 -0.00050029	
199711	  0.02224616	  0.07157351	  0.05764319	
199712	 -0.02201884	  0.03182710	  0.00479909	
199801	 -0.04352756	 -0.07174546	  0.00528078	
199802	 -0.12040810	 -0.00164634	  0.05862331	
199803	 -0.05874171	 -0.00653998	 -0.02410618	
199804	  0.04012660	  0.09497690	 -0.01171442	
199805	  0.00684094	  0.01302918	 -0.01124627	
199806	 -0.05394230	 -0.03210647	  0.01649104	
199807	 -0.05160919	  0.00042223	  0.00375897	
199808	 -0.05080818	  0.01225656	 -0.03030351	
199809	 -0.27515771	 -0.25716163	  0.01573138	
199810	 -0.04263668	  0.06067414	  0.01445735	
199811	  0.04822847	  0.11984188	  0.00826870	
199812	 -0.14738865	 -0.10755292	 -0.00591866	
199901	  0.06408701	  0.06650334	  0.03903093	
199902	 -0.08640364	 -0.06258527	  0.02765880	
199903	 -0.06060013	 -0.00623964	 -0.00661235	
199904	  0.19785399	  0.27907932	  0.09824777	
199905	 -0.13421841	 -0.13981041	 -0.00930872	
199906	  0.05775323	  0.05944461	  0.03237338	
199907	  0.06769164	  0.05645169	 -0.01627005	
199908	  0.05160670	 -0.01631712	 -0.00023350	
199909	 -0.04794027	 -0.07736066	 -0.03580708	
199910	  0.09836475	  0.08217780	  0.09503395	
199911	 -0.00089915	 -0.03949772	 -0.01705663	
199912	 -0.07469592	 -0.08575394	  0.03882043	
200001	 -0.06795454	 -0.04541552	  0.01319934	
200002	 -0.04164722	 -0.01207622	  0.01094486	
200003	 -0.00634113	  0.11044102	 -0.00012953	
200004	 -0.22431634	 -0.21672749	 -0.04575738	
200005	  0.06532549	  0.08211697	 -0.02774869	
200006	 -0.18198733	 -0.15548054	 -0.03494560	
200007	  0.05848898	 -0.06009606	  0.11186418	
200008	 -0.07033186	  0.01867163	 -0.00779827	
200009	 -0.17042364	 -0.15749683	 -0.04147104	
200010	 -0.13568903	 -0.00138753	  0.02256465	
200011	 -0.14292137	 -0.12464538	 -0.04065385	
200012	  0.09465268	  0.06644305	  0.00729017	
200101	 -0.12273458	 -0.03244735	  0.06831140	
200102	 -0.05099845	 -0.06805332	  0.04393804	
200103	 -0.05366146	  0.02649682	  0.07317705	
200104	 -0.07031392	  0.09720894	  0.00404694	
200105	  0.09950842	  0.11643753	  0.02767428	
200106	  0.01813637	  0.08744699	  0.00714508	
200107	 -0.05762420	 -0.01232568	  0.03803152	
200108	 -0.05913808	  0.05372358	  0.04892800	
200109	 -0.04149742	 -0.12085240	 -0.09705080	
200110	  0.06749552	  0.09806117	  0.03407610	
200111	  0.02174702	 -0.00652941	  0.03442078	
200112	  0.01212510	  0.04998201	  0.06763465	
200201	 -0.06644489	 -0.01154661	 -0.01288248	
200202	 -0.01286437	 -0.01191319	  0.02402159	
200203	  0.06245580	  0.02814546	  0.08984726	
200204	 -0.10764339	 -0.03184870	  0.05488022	
200205	 -0.03307439	 -0.04447161	  0.05212083	
200206	 -0.11746940	 -0.05977616	 -0.00994518	
200207	 -0.06584427	  0.00346039	 -0.05874847	
200208	 -0.02520885	 -0.00351486	 -0.00169716	
200209	 -0.16797267	 -0.08953951	 -0.01721900	
200210	 -0.30822569	 -0.14856632	  0.03741160	
200211	 -0.03839596	  0.01820691	  0.03053977	
200212	 -0.17771917	 -0.00651994	 -0.01271179	
200301	 -0.08468988	 -0.08409706	 -0.02653535	
200302	 -0.03943618	 -0.03664648	  0.00750690	
200303	 -0.10797503	 -0.06903854	  0.00047226	
200304	 -0.04883222	 -0.00503585	  0.04124743	
200305	  0.02454139	  0.01955488	  0.01127813	
200306	 -0.01812024	 -0.00224495	 -0.00778027	
200307	 -0.03600104	  0.01941593	  0.06968007	
200308	 -0.01051529	  0.00529468	  0.03935750	
200309	 -0.10591103	 -0.02391253	 -0.00784658	
200310	 -0.03837221	  0.01126850	  0.01597152	
200311	 -0.03816218	 -0.01089501	  0.00427615	
200312	 -0.02103928	  0.04410754	 -0.00480280	
200401	 -0.10880131	 -0.02183652	 -0.05508023	
200402	 -0.03672963	 -0.05785982	  0.02505994	
200403	  0.02228914	  0.06903129	  0.02146130	
200404	 -0.05308257	  0.01100742	 -0.01488638	
200405	 -0.00057892	 -0.01658645	  0.00888503	
200406	  0.05571604	  0.10830727	  0.01956818	
200407	 -0.02550274	 -0.00334115	  0.06250298	
200408	 -0.00234088	  0.03653671	  0.05379022	
200409	 -0.03197207	 -0.00336452	  0.00509373	
200410	  0.01164025	  0.01809212	  0.00444219	
200411	 -0.02942346	  0.02234998	  0.01449730	
200412	 -0.06776842	 -0.01231474	 -0.03145341	
200501	 -0.00726991	  0.01229106	  0.04371083	
200502	 -0.05550401	 -0.00385259	  0.04793487	
200503	 -0.01898391	  0.00255575	  0.00135125	
200504	 -0.12414055	 -0.09648140	 -0.05400074	
200505	  0.00728553	  0.05110430	  0.01087823	
200506	  0.00493558	  0.08141477	  0.04700153	
200507	  0.03258067	  0.04092027	  0.02655639	
200508	 -0.01230377	  0.01213186	  0.02752852	
200509	 -0.02288006	 -0.01969468	  0.03380765	
200510	 -0.04639038	  0.00957094	 -0.04378714	
200511	  0.08811642	  0.07027835	  0.00752334	
200512	 -0.03003918	 -0.07763438	  0.00419666	
200601	 -0.05892435	 -0.04937177	  0.02770677	
200602	 -0.05822714	 -0.03884730	 -0.02899931	
200603	 -0.01030871	  0.03515549	  0.00375167	
200604	  0.00726181	  0.01843587	  0.01630861	
200605	 -0.02157126	  0.01143072	  0.01179945	
200606	 -0.06734657	  0.00218625	  0.01819689	
200607	  0.00388041	 -0.00052197	  0.02295802	
200608	  0.01522413	 -0.02650779	 -0.03749606	
200609	 -0.05997617	 -0.04490997	 -0.01080846	
200610	  0.03216261	  0.06004700	  0.04441850	
200611	 -0.01066791	  0.03979368	  0.02661751	
200612	  0.03254139	  0.02167578	 -0.02522800	
200701	  0.04296943	  0.01563202	  0.01121493	
200702	  0.00248330	  0.04163098	  0.03412233	
200703	 -0.03568129	 -0.02702432	  0.01919413	
200704	 -0.01300089	  0.00655199	  0.01129701	
200705	  0.02896424	  0.06318381	  0.01744196	
200706	  0.05692140	  0.08667886	  0.02907718	
200707	  0.00097509	 -0.00919347	  0.02931896	
200708	 -0.15153468	 -0.19129969	 -0.00375737	
200709	 -0.04736919	 -0.03582813	  0.03075797	
200710	 -0.19027740	 -0.04479293	  0.05942475	
200711	 -0.16257079	 -0.01769368	  0.00896297	
200712	 -0.03759112	  0.03689431	  0.05965561	
200801	 -0.16036628	 -0.06253720	 -0.12776798	
200802	  0.08536388	 -0.00918547	  0.00418435	
200803	 -0.26869989	 -0.15330015	  0.06128142	
200804	  0.03059327	  0.10755357	  0.10203357	
200805	 -0.01972985	 -0.00701339	  0.06788095	
200806	 -0.09196788	 -0.04294450	  0.05163979	
200807	 -0.17484840	 -0.07242703	 -0.07636082	
200808	 -0.00451175	  0.02796299	  0.01303803	
200809	 -0.08906778	 -0.23523249	 -0.11851009	
200810	 -0.23076349	 -0.06005473	 -0.07244069	
200811	  0.07261688	  0.14757164	 -0.06106824	
200812	 -0.29270896	 -0.18591200	 -0.07916169	
200901	 -0.07527077	 -0.17938362	  0.09952073	
200902	 -0.04325515	  0.02389836	  0.04650332	
200903	 -0.10023486	 -0.02939668	 -0.05055258	
200904	 -0.09531105	 -0.03939993	 -0.01255978	
200905	 -0.06387591	  0.07430672	  0.03041801	
200906	 -0.04073017	  0.01921509	 -0.01306218	
200907	  0.07876725	  0.03983172	 -0.00453311	
200908	 -0.02570087	 -0.01520337	 -0.05452664	
200909	  0.01044196	  0.06149810	  0.06979724	
200910	 -0.05872567	 -0.04515041	  0.05819682	
200911	 -0.03036448	 -0.00651239	  0.00120462	
200912	  0.12456049	 -0.00303357	  0.02601791	
201001	  0.06033164	  0.10726583	 -0.01233381	
201002	  0.01792407	  0.03371471	  0.00064134	
201003	  0.01577792	  0.02663183	 -0.06124744	
201004	 -0.04561673	 -0.03557125	 -0.00078908	
201005	 -0.07656733	 -0.02293047	 -0.02943960	
201006	 -0.05557535	  0.01281203	  0.01188718	
201007	 -0.00952079	  0.00965610	  0.03401233	
201008	  0.00480037	  0.02754953	  0.04299480	
201009	 -0.03409728	  0.07531069	  0.02259427	
201010	 -0.04433713	 -0.05215512	  0.02509685	
201011	 -0.00990716	  0.00428221	  0.02187049	
201012	  0.02141666	  0.06927464	  0.02249222	
201101	 -0.00685465	 -0.00041859	  0.00912671	
201102	 -0.01123957	  0.00322209	  0.00634893	
201103	 -0.02567521	 -0.01540350	  0.01336715	
201104	  0.00993066	  0.02292888	 -0.03187047	
201105	  0.01789547	  0.02218211	 -0.01160846	
201106	 -0.00844957	  0.02554101	 -0.00993878	
201107	 -0.01325638	  0.01506357	 -0.00141177	
201108	 -0.05093781	 -0.04867537	 -0.04381501	
201109	  0.01193896	  0.02857425	 -0.05270066	
201110	 -0.04258561	  0.02540197	  0.08660555	
201111	 -0.09575724	 -0.02626176	  0.04932811	
201112	  0.01039314	  0.05280993	 -0.03404990	
201201	  0.01961400	  0.05322057	 -0.02030348	
201202	  0.03187007	  0.00851060	  0.01844992	
201203	 -0.01880475	 -0.00979741	 -0.06725671	
201204	  0.00936320	 -0.01497201	 -0.00894496	
201205	  0.08314777	 -0.00874284	  0.00274035	
201206	  0.01796502	 -0.00492966	 -0.00552748	
201207	  0.01653569	  0.09844030	  0.00354745	
201208	 -0.04175661	 -0.02187876	 -0.00588594	
201209	  0.04719894	  0.03603615	 -0.01751560	
201210	 -0.03322473	 -0.04300424	 -0.01145782	
201211	 -0.01280514	 -0.05991104	 -0.01605738	
201212	  0.01040511	  0.02808731	  0.01227140	
201301	  0.01550051	  0.02681753	 -0.02361129	
201302	 -0.02513837	 -0.01724645	 -0.01178096	
201303	  0.02615192	  0.07212754	  0.00966966	
201304	 -0.00236985	 -0.01635240	 -0.03254110	
201305	 -0.00284092	  0.01038157	  0.00383275	
201306	 -0.00381091	  0.04182531	 -0.01614282	
201307	 -0.01612172	  0.00814451	  0.00715968	
201308	 -0.03703270	  0.00565543	  0.01224844	
201309	 -0.03881538	 -0.02225978	 -0.01712165	
201310	  0.05295408	  0.09547180	 -0.02167248	
201311	 -0.08810932	  0.02088144	 -0.02238580	
201312	  0.03035995	  0.01676295	 -0.00249933	
201401	 -0.00932867	  0.01835926	  0.02987910	
201402	  0.02996242	  0.03290353	 -0.00859772	
201403	 -0.00309632	  0.02244432	  0.02375835	
201404	 -0.00645909	 -0.00816169	 -0.04838567	
201405	 -0.07069496	 -0.02346586	  0.00092334	
201406	  0.04038718	  0.07574063	  0.01145784	
201407	  0.02417950	  0.03531665	 -0.00559958	
201408	 -0.00256732	 -0.00412510	  0.00286773	
201409	 -0.01228465	  0.00082189	  0.01635483	
201410	  0.03561860	  0.05567512	  0.03966420	
201411	 -0.03749949	 -0.02144784	 -0.01761166	
201412	  0.03523875	  0.05776572	  0.02368306	
201501	  0.00004586	  0.02412522	 -0.01786240	
201502	 -0.01480737	 -0.00040871	 -0.01565885	
201503	 -0.04164426	 -0.01603928	  0.00279148	
201504	 -0.00293457	  0.02586027	  0.00373068	
201505	  0.02202494	  0.02117108	  0.03365793	
201506	  0.00042559	  0.01037626	  0.01544575	
201507	  0.02226873	  0.02210708	  0.00957328	
201508	  0.02501481	  0.06026714	  0.00146809	
201509	 -0.10627136	 -0.07777626	  0.00564307	
201510	  0.00819417	  0.07928604	 -0.06160902	
201511	 -0.07021659	 -0.03118157	  0.03703496	
201512	 -0.01010240	 -0.01813398	 -0.00400450	
201601	 -0.04580416	  0.00008340	 -0.04157984	
201602	  0.00311805	  0.05040044	 -0.02347005	
201603	 -0.02160472	  0.00374226	 -0.01762153	
201604	  0.06892560	  0.09076720	  0.01952463	
201605	 -0.04369110	 -0.06133121	 -0.00610485	
201606	 -0.02275323	 -0.02942184	  0.02023970	
201607	  0.02293786	  0.01054578	 -0.01309293	
201608	  0.00713037	 -0.02599584	  0.00742570	
201609	 -0.04102480	 -0.03446840	  0.02387024	
201610	  0.06403411	  0.08954185	 -0.01023646	
201611	 -0.07639753	 -0.02279601	  0.02186405	
201612	 -0.00646986	  0.04874644	 -0.02705536	
201701	  0.05773183	  0.06538309	  0.00766621	
201702	 -0.07793624	 -0.03433911	 -0.04868980	
201703	 -0.00530806	 -0.01808065	 -0.03714798	
201704	 -0.02071527	  0.02500984	 -0.01777905	
201705	  0.08107144	  0.06103761	 -0.02507173	
201706	  0.04181934	  0.02865154	  0.00637933	
201707	 -0.01862110	  0.01302416	  0.01248154	
201708	  0.04040889	  0.07383344	 -0.02339617	
201709	  0.04808639	  0.05275686	 -0.00260382	
201710	  0.02618275	  0.02889928	 -0.03760097	
201711	  0.03718796	  0.02067589	  0.00809466	
201712	  0.03732324	  0.04279730	  0.03941081	
201801	 -0.05284860	 -0.01229618	 -0.01456072	
201802	  0.00638112	  0.03282006	  0.02333666	
201803	  0.02945414	  0.08504901	  0.00462334	
201804	 -0.08104903	 -0.01556749	  0.03088440	
201805	  0.02550321	  0.08527765	  0.03989521	
201806	  0.10169159	  0.13113585	 -0.00265626	
201807	 -0.02159778	 -0.02509583	 -0.00166688	
201808	  0.08996956	  0.03862172	 -0.01846675	
201809	 -0.03918643	  0.05997328	  0.00401761	
201810	 -0.06728441	 -0.03017698	 -0.01084171	
201811	  0.01563837	  0.04078271	  0.03158090	
201812	 -0.06523465	 -0.04060194	 -0.00392013	
